@Rates
#frac_mutated
0.90
#aver_err_rate;del_ratio;ins_ratio
0.10;0.02;0.02
@Profiles
#max_gap_length
50
#del_profile
0.095808132;0.086690783;0.078441064;0.07097641;0.064222112;0.05811057;0.052580618;0.04757691;0.043049369;0.03895268;0.035245842;0.031891757;0.028856855;0.026110762;0.023625994;0.021377684;0.019343328;0.017502567;0.015836978;0.01432989;0.012966221;0.011732322;0.010615844;0.0096056125;0.0086915177;0.0078644104;0.0071160128;0.0064388346;0.0058260985;0.0052716719;0.004770006;0.0043160799;0.0039053506;0.0035337074;0.0031974307;0.0028931549;0.0026178348;0.0023687149;0.0021433019;0.0019393397;0.0017547871;0.0015877971;0.0014366982;0.0012999783;0.001176269;0.0010643322;0.00096304761;0.00087140151;0.00078847669;0.00071344321
#ins_profile
0.095808132;0.086690783;0.078441064;0.07097641;0.064222112;0.05811057;0.052580618;0.04757691;0.043049369;0.03895268;0.035245842;0.031891757;0.028856855;0.026110762;0.023625994;0.021377684;0.019343328;0.017502567;0.015836978;0.01432989;0.012966221;0.011732322;0.010615844;0.0096056125;0.0086915177;0.0078644104;0.0071160128;0.0064388346;0.0058260985;0.0052716719;0.004770006;0.0043160799;0.0039053506;0.0035337074;0.0031974307;0.0028931549;0.0026178348;0.0023687149;0.0021433019;0.0019393397;0.0017547871;0.0015877971;0.0014366982;0.0012999783;0.001176269;0.0010643322;0.00096304761;0.00087140151;0.00078847669;0.00071344321
